('D = ', [0.09933143929909126, -0.4297518087197401, 0.0024917263516973137, -0.005247943917150658, 0.0])
('K = ', [677.9294103323731, 0.0, 287.8866507009761, 0.0, 675.7501397213828, 213.29484316743543, 0.0, 0.0, 1.0])
('R = ', [1.0, 0.0, 0.0, 0.0, 1.0, 0.0, 0.0, 0.0, 1.0])
('P = ', [674.92919921875, 0.0, 283.5244632847025, 0.0, 0.0, 679.0611572265625, 213.28697564653703, 0.0, 0.0, 0.0, 1.0, 0.0])
# oST version 5.0 parameters


[image]

width
640

height
480

[narrow_stereo]

camera matrix
677.929410 0.000000 287.886651
0.000000 675.750140 213.294843
0.000000 0.000000 1.000000

distortion
0.099331 -0.429752 0.002492 -0.005248 0.000000

rectification
1.000000 0.000000 0.000000
0.000000 1.000000 0.000000
0.000000 0.000000 1.000000

projection
674.929199 0.000000 283.524463 0.000000
0.000000 679.061157 213.286976 0.000000
0.000000 0.000000 1.000000 0.000000

