# oST version 5.0 parameters


[image]

width
640

height
480

[narrow_stereo]

camera matrix
675.208457 0.000000 285.741413
0.000000 675.454527 217.581262
0.000000 0.000000 1.000000

distortion
0.069333 -0.253089 0.004909 -0.010260 0.000000

rectification
1.000000 0.000000 0.000000
0.000000 1.000000 0.000000
0.000000 0.000000 1.000000

projection
673.333862 0.000000 279.616377 0.000000
0.000000 680.849060 218.443958 0.000000
0.000000 0.000000 1.000000 0.000000

